39 19 42 21 9  6 1 1 39 1
45 36 34 22 9  1 1 1 39 1
27 38 46 13 5  4 3 1 39 1
34 47 31 21 9  6 1 1 39 1
32 29 35 20 10 1 0 0 40 0
39 47 45 23 13 8 4 3 37 3
30 34 42 23 12 7 3 2 38 2
34 39 50 24 9  6 2 1 39 1
53 34 22 16 8  1 0 0 40 0
38 24 36 23 12 4 2 0 40 0
24 31 46 18 10 7 1 0 40 0
58 43 39 25 8  4 1 1 39 1
42 37 29 22 11 5 2 0 40 0
41 28 42 23 9  8 4 2 38 2
43 33 49 19 12 5 2 1 39 1
40 45 31 21 11 5 2 2 38 2
40 37 49 24 12 8 4 2 38 2
42 57 32 20 11 3 1 1 39 1
33 39 39 21 9  4 3 0 40 0
23 33 33 14 8  5 3 2 38 2
36 41 26 20 8  3 1 1 39 1
49 70 42 20 9  6 3 2 38 2
54 43 48 24 13 6 3 1 39 1
40 30 38 17 5  1 1 0 40 0
51 32 35 27 14 8 3 1 39 1
